gene	inicio	final	longitud
tag="BT0001	1	825	824
tag="BT_0002	838	1434	596
aroE	1427	2299	872
coaE	2296	2883	587
dnaQ	2888	3595	707
polA	3919	6825	2906
tag="BT_0008	6832	7788	956
tag="BT_0009	7809	8582	773
lspA	9377	9880	503
tag="BT_0011	9870	10724	854
tag="BT_0012	10727	11671	944
tag="BT_0013	11831	12127	296
ihfB	12135	12413	278
tag="BT_0015	12599	13246	647
tag="BT_0016	13274	13921	647
tag="BT_0017	13928	14722	794
ptsN	15907	16371	464
tag="BT_0019	17771	18280	509
tag="BT_0020	18323	19549	1226
tag="BT_0021	20277	20918	641
argG	21085	22320	1235
lysS	22695	24353	1658
prfC	24353	25927	1574
tag="BT_0025	26386	29511	3125
addA	29514	32987	3473
trxA	33164	33487	323
tag="BT_0028	33639	33770	131
tag="BT_0029	34065	34172	107
tag="BT_0030	34247	34714	467
tag="BT_0031	34759	37224	2465
ahcY	37260	38657	1397
tag="BT_0033	39377	40375	998
folC	40419	41738	1319
accD	41743	42663	920
tag="BT_0036	43661	44380	719
dfp	45954	47378	1424
aarF	47447	49033	1586
ubiE	49036	49818	782
gyrB	49939	52389	2450
tag="BT_0042	53421	54350	929
tag="BT_0043	54362	55894	1532
tag="BT_0044	56299	58263	1964
tag="BT_0045	58263	62915	4652
msbA	65182	66948	1766
infC	68456	68974	518
tag="BT_0049	69168	69947	779
tag="BT_0050	69980	70720	740
dapE	70950	72122	1172
hemN	72983	74182	1199
tag="BT_0053	74179	74826	647
hrcA	75318	76388	1070
grpE	76514	77182	668
ligT	77277	77816	539
ptsH	78399	78692	293
tag="BT_0059	78710	79108	398
tag="BT_0060	79244	79708	464
batS	79732	81516	1784
batR	81556	82278	722
tag="BT_0063	82666	83121	455
tag="BT_0064	83237	83791	554
dnaK	84784	86676	1892
dnaJ1	86835	87977	1142
argB	89435	90340	905
tag="BT_0070	90373	91266	893
lepA	92669	94510	1841
dapD	95085	95945	860
tag="BT_0076	96046	96915	869
truA	96948	97691	743
fmt	97693	98622	929
def	98622	99158	536
tag="BT_0080	99250	100431	1181
tag="BT_0081	100545	101132	587
tRNA-BT0001	102505	102580	75
tag="BT_0082	102690	103070	380
aroA	103247	104575	1328
cmk	104572	105219	647
rpsA	105354	107054	1700
chvB	107286	115862	8576
pncB	115988	117292	1304
tag="BT_0090	118108	118494	386
sitD	118933	119838	905
sitC	119835	120701	866
sitB	120698	121528	830
sitA	121525	122433	908
pheT	124000	126414	2414
pheS	126446	127528	1082
rplT	127623	128024	401
rpmI	128058	128261	203
nth	128418	129179	761
ibpA1	129301	129732	431
tag="BT_0102	129759	130010	251
ilvD	131217	133055	1838
ilvD (fragment)	133119	133253	134
mutS	134338	137082	2744
maeB1	137279	139579	2300
secB	139642	140118	476
tag="BT_0111	140266	140760	494
tag="BT_0112	140931	141623	692
tag="BT_0113	141671	142261	590
tag="BT_0114	143217	143750	533
argD	144233	145432	1199
argF (fragment 1)	145683	146099	416
argF (fragment 2)	146107	146379	272
hslO	146416	147417	1001
tag="BT_0119	147989	148315	326
ccmG	149577	150170	593
ccmX	150145	150396	251
ccmC	150384	151181	797
ccmB	151210	151875	665
ccmA	151887	152498	611
acnA	152793	155480	2687
rpsT	155722	155988	266
dnaA	156702	158273	1571
dnaN	158463	159584	1121
recF	159605	160738	1133
aroQ	160792	161241	449
cyoA	161367	162338	971
cyoB	162414	164432	2018
cyoC	164429	165097	668
cyoD	165097	165825	728
gpsA	166230	167234	1004
int	168755	168985	230
int	168985	169185	200
fabI1	169480	170298	818
fabB	170347	171567	1220
fabA	171625	172134	509
fur1	172368	172880	512
tag="BT_0145	172927	173487	560
rpsU	175082	175315	233
fhs	175504	177177	1673
tRNA-BT0002	177962	178038	76
tag="BT_0148	178407	179546	1139
acrD	179543	182680	3137
pgi	182870	184534	1664
tRNA-BT0003	184840	184929	89
rplU	185218	185694	476
rpmA	185707	185976	269
fruB	187380	189887	2507
tRNA-BT0004	190497	190586	89
tag="BT_0156	190759	191964	1205
tag="BT_0157	191961	192410	449
tag="BT_0158	192490	193191	701
int	193403	194569	1166
tag="BT_0160	194778	194978	200
tag="BT_0161	195076	196194	1118
tag="BT_0162	196243	196644	401
tag="BT_0164	197314	202278	4964
tag="BT_0165	204151	204810	659
tag="BT_0166	204893	205486	593
tag="BT_0167	205592	206371	779
badA	208070	223177	15107
tag="BT_0169	223174	223776	602
tag="BT_0170	224710	226020	1310
ftsJ	226050	226778	728
cgtA	226946	227971	1025
proB	227973	229112	1139
proA	229157	230413	1256
nadD	230443	231027	584
tag="BT_0176	231145	231534	389
tag="BT_0177	231536	232018	482
tag="BT_0178	232123	233397	1274
ctpA	233387	234697	1310
ialA	234735	235256	521
ialB	235366	235926	560
tag="BT_0183	236263	236556	293
tag="BT_0184	236579	236905	326
ppa	236947	237477	530
typA	237544	239370	1826
mgtE	240601	241977	1376
dcp	242922	244946	2024
tag="BT_0190	245111	246187	1076
mltB	246203	247459	1256
galU	247697	248611	914
tag="BT_0194	248651	249643	992
omp10	249917	250285	368
tag="BT_0197	250552	251937	1385
tag="BT_0198	252346	253917	1571
guaB	254080	255576	1496
sun1	256427	257713	1286
guaA	257811	259403	1592
ugpQ	259597	260319	722
ugpB	261283	262617	1334
ugpA	262713	263597	884
ugpE	263608	264459	851
ugpC	264462	265508	1046
tag="BT_0207	266970	267890	920
tag="BT_0208	267900	268769	869
tag="BT_0209	268773	269537	764
nrdH	270204	270428	224
nrdI	270428	270826	398
nrdE	270808	272958	2150
nrdF	272970	273944	974
prmC	273941	274807	866
prfA	274804	275880	1076
fur2	276105	276518	413
secA	276535	279252	2717
tag="BT_0218	279677	280630	953
argJ	280757	281989	1232
mutT	282115	282528	413
int	282715	282903	188
int	282828	282959	131
tag="BT_0225	284202	285062	860
pepA	285214	286587	1373
coaA	286601	287599	998
ansA	287721	288710	989
hslV	288929	289510	581
hslU	289511	290821	1310
rsmC	290840	291850	1010
pnp	291909	294104	2195
rpsO	294355	294624	269
tag="BT_0234	294939	296567	1628
truB	298152	299114	962
rbfA	299119	299526	407
infB	299650	302178	2528
tag="BT_0240	302175	302810	635
nusA	302811	304442	1631
tag="BT_0242	304490	305116	626
tag="BT_0243	305267	305968	701
metK	305965	307233	1268
dicA	307359	307778	419
lnt	307928	309562	1634
tlyC	309525	310550	1025
tag="BT_0248	310635	311126	491
phoH	311123	312256	1133
miaB	312385	313761	1376
rimI	313793	314284	491
tag="BT_0252	314284	314970	686
tag="BT_0255	315865	316893	1028
recR	316943	317548	605
tag="BT_0257	317580	317903	323
dnaX	317918	319858	1940
tag="BT_0259	320695	321099	404
pheA	321646	322509	863
kdsB	322506	323237	731
cycM	323342	323905	563
moeB	324799	325593	794
gshB	325681	326619	938
tag="BT_0267	326759	327805	1046
pstC	327882	329342	1460
pstA	329339	330628	1289
pstB	330680	331438	758
phoU	331460	332182	722
tag="BT_0273	332785	333621	836
ampS	333799	335046	1247
mutM	335326	336201	875
tag="BT_0276	336287	337681	1394
rnd1	337674	338294	620
hbpC	341576	342409	833
hbpA	342747	343619	872
hbpB	345027	346661	1634
ileS	346911	349826	2915
tag="BT_0286	350004	350495	491
codA	351151	351597	446
rluB	351865	353265	1400
tag="BT_0289	353246	353812	566
tag="BT_0290	354612	355058	446
pmbA	356552	357883	1331
tag="BT_0292	357948	358673	725
tag="BT_0293	358719	358964	245
kdtA	360194	361516	1322
lpxK	361506	362546	1040
tag="BT_0297	362566	362802	236
mutL	362914	364767	1853
dcd	365041	366129	1088
lldD	367213	368364	1151
tag="BT_0301	369533	369715	182
tag="BT_0303	371757	371852	95
tag="BT_0305	372416	372631	215
tag="BT_0306	372788	373450	662
tag="BT_0307	374581	375165	584
int	375595	376752	1157
tag="BT_0310	377025	377615	590
dinJ	377735	378010	275
tag="BT_0312	378023	378304	281
tag="BT_0313	378429	378641	212
tag="BT_0314	378770	378997	227
tag="BT_0315	378994	379656	662
tag="BT_0316	379763	380086	323
tag="BT_0317	380098	380409	311
tag="BT_0318	380482	381789	1307
gpX	381786	382010	224
gpU	382007	382387	380
tag="BT_0321	382393	384528	2135
tag="BT_0322	384635	384922	287
gpFII	384924	385430	506
gpFI	385430	386641	1211
tag="BT_0325	387028	387759	731
tag="BT_0326	387756	388034	278
vap	388080	388409	329
tag="BT_0328	388497	388676	179
tag="BT_0329	389019	389459	440
tag="BT_0331	389585	390355	770
tag="BT_0332	390370	393513	3143
gp27	393515	394621	1106
gp26	394621	395448	827
gp25	395445	395774	329
tag="BT_0336	395783	396448	665
tag="BT_0337	396429	396971	542
tag="BT_0338	397025	397339	314
vap	397356	397652	296
tag="BT_0340	397699	397977	278
tag="BT_0341	397974	398159	185
tag="BT_0342	398207	398386	179
tag="BT_0343	399089	400174	1085
tag="BT_0344	400178	400318	140
tag="BT_0344a	400328	400555	227
gp20	400557	401633	1076
gp19	401646	402014	368
gp18	402274	403320	1046
gp17	403328	404899	1571
tag="BT_0349	404899	405147	248
gp15	405151	407079	1928
gp13	407110	407661	551
tag="BT_0352	407731	408012	281
tag="BT_0353	407990	408295	305
tag="BT_0354	408348	408626	278
tag="BT_0355	408623	409363	740
tag="BT_0356	409962	410540	578
tag="BT_0357	410544	410885	341
tag="BT_0360	411440	411862	422
tag="BT_0361	411865	412407	542
ssb	412418	412864	446
tag="BT_0363	413007	413381	374
dam	413407	414279	872
tag="BT_0365	414414	414935	521
tag="BT_0366	414916	415272	356
tag="BT_0367	415436	415855	419
tag="BT_0368	415848	416921	1073
tag="BT_0369	416911	417390	479
tag="BT_0370	417814	418464	650
tag="BT_0371	418627	419001	374
tag="BT_0372	419070	419462	392
tag="BT_0373	419472	420230	758
tag="BT_0374	420588	421178	590
tag="BT_0375	421330	422106	776
exo	422108	422731	623
tag="BT_0377	422808	423011	203
tRNA-BT0005	423111	423186	75
slyX	423633	423824	191
int	424087	424194	107
tag="BT_0379a	424854	425174	320
aroP	425361	426788	1427
cbiO	426830	427510	680
tag="BT_0382	427507	428145	638
tag="BT_0383	428161	428715	554
tag="BT_0384	429027	429581	554
tag="BT_0387	431077	431235	158
dinJ	433469	433726	257
tag="BT_0390	434103	434453	350
tag="BT_0392	435074	436837	1763
fhaB	436928	444469	7541
tag="BT_0395	444534	445124	590
tag="BT_0396	445366	446079	713
tag="BT_0397	446073	446747	674
tag="BT_0398	446782	447246	464
tag="BT_0399	447352	447837	485
tag="BT_0400	447834	448412	578
tag="BT_0401	448465	449046	581
tag="BT_0402	449288	450526	1238
tag="BT_0403	450726	451307	581
tag="BT_0404	451360	451950	590
tag="BT_0405	452047	454611	2564
tag="BT_0406	454792	455592	800
tag="BT_0407	455554	456534	980
hec1	457310	459097	1787
fhaB	459123	467213	8090
tag="BT_0411	467210	467617	407
fhaB	467694	469082	1388
tag="BT_0413	469079	469492	413
fhaB	469569	470957	1388
tag="BT_0415	470978	471385	407
fhaB	471462	472850	1388
tag="BT_0417	472847	473260	413
fhaB	473337	474260	923
fhaB	474253	474783	530
tag="BT_0420	474780	475193	413
vapD	475475	475756	281
vapA	475775	476074	299
int	476132	477169	1037
tag="BT_0424	477172	477420	248
exo	477532	478155	623
tag="BT_0426	478157	478978	821
tag="BT_0427	479037	479579	542
tag="BT_0428	479573	480064	491
tag="BT_0429	480068	480682	614
tag="BT_0430	480694	481011	317
tag="BT_0431	481024	481755	731
tag="BT_0432	481828	482184	356
tag="BT_0434	482473	482610	137
tag="BT_0435	482778	483380	602
tag="BT_0437	483771	484220	449
tag="BT_0438	484239	485384	1145
tag="BT_0439	485428	485754	326
tag="BT_0440	486046	486417	371
tag="BT_0441	486362	487444	1082
tag="BT_0442	487593	487919	326
tag="BT_0443	487916	488140	224
ssb	488363	488809	446
tag="BT_0445	488863	489363	500
pemI	489416	489673	257
pemK	489670	489996	326
tag="BT_0448	490207	490434	227
tag="BT_0449	490418	490687	269
tag="BT_0449a	490717	491163	446
tag="BT_0450	491236	491679	443
tag="BT_0450a	491711	492058	347
tag="BT_0452	493826	494272	446
tag="BT_0453	494485	495063	578
tag="BT_0454	495145	495825	680
tag="BT_0455	497188	501543	4355
tag="BT_0456	501570	502151	581
tag="BT_0457	502694	504310	1616
tag="BT_0458	504307	505149	842
tag="BT_0459	505305	505505	200
tag="BT_0460	505715	505753	38
int	505806	506879	1073
tag="BT_0462	506977	507492	515
tag="BT_0463	507477	509531	2054
tag="BT_0464	509548	510444	896
tag="BT_0465	510542	511684	1142
tag="BT_0466	511704	512162	458
tag="BT_0467	512237	512935	698
tag="BT_0468	512935	514392	1457
tag="BT_0469	514434	514817	383
tag="BT_0470	514819	515874	1055
tag="BT_0471	515874	517823	1949
tag="BT_0472	517816	520026	2210
tag="BT_0473	520026	520610	584
int	520750	521907	1157
tag="BT_0475	522179	522736	557
tag="BT_0476	522822	523499	677
tag="BT_0477	523496	523774	278
dinJ	523894	524169	275
tag="BT_0479	524182	524463	281
tag="BT_0480	524588	524800	212
tag="BT_0481	524929	525156	227
tag="BT_0482	525153	525815	662
tag="BT_0483	526038	526277	239
tag="BT_0484	526264	526584	320
tag="BT_0485	526628	526906	278
tag="BT_0486	526903	527628	725
tag="BT_0487	527930	529237	1307
gpX	529234	529458	224
gpU	529455	529835	380
tag="BT_0490	529841	531976	2135
tag="BT_0491	532083	532370	287
gpFII	532372	532878	506
gpFI	532878	534089	1211
tag="BT_0494	534476	535207	731
tag="BT_0495	535204	535482	278
vap	535528	535869	341
tag="BT_0497	535880	536158	278
tag="BT_0498	536392	536643	251
tag="BT_0499	536636	537022	386
vap	537032	537328	296
tag="BT_0501	537416	537595	179
tag="BT_0502	537938	538378	440
tag="BT_0504	538504	539274	770
tag="BT_0505	539289	542432	3143
gp27	542434	543540	1106
gp26	543540	544367	827
gp25	544364	544693	329
gp24	544702	545367	665
tag="BT_0510	545348	545890	542
tag="BT_0511	545940	546212	272
tag="BT_0512	546202	546519	317
tag="BT_0513	546565	546837	272
tag="BT_0514	546908	547216	308
tag="BT_0515	547213	547461	248
tag="BT_0516	547556	547912	356
gp20	547914	548990	1076
gp19	549003	549371	368
gp18	549631	550680	1049
gp17	550688	552259	1571
tag="BT_0521	552259	552507	248
gp15	552511	554439	1928
gp13	554470	555021	551
tag="BT_0524	555091	555372	281
tag="BT_0525	555350	555655	305
tag="BT_0526	555708	555986	278
tag="BT_0527	555983	556723	740
tag="BT_0528	557322	557900	578
tag="BT_0529	557904	558218	314
tag="BT_0531	558736	559158	422
tag="BT_0532	559162	559614	452
int	559842	561008	1166
tag="BT_0535	561209	561409	200
yacA	562114	562404	290
yacB	562401	562673	272
fragment 1	562872	563372	500
fragment 2	563421	563822	401
tag="BT_0541	564495	569480	4985
tag="BT_0542	571114	571794	680
tag="BT_0543	571876	572454	578
tag="BT_0544	572667	573299	632
ssb	574974	575432	458
tag="BT_0547	575560	575934	374
tag="BT_0548	575960	576355	395
tag="BT_0549	576330	577310	980
tag="BT_0550	577390	577869	479
tag="BT_0551a	578509	578961	452
tag="BT_0553	579344	579997	653
tag="BT_0554	580018	581073	1055
tag="BT_0555	581482	581856	374
tag="BT_0556	581925	582317	392
tag="BT_0557	582327	583085	758
tag="BT_0558	583098	583415	317
tag="BT_0559	583427	584041	614
tag="BT_0560	584045	584536	491
tag="BT_0561	584530	585072	542
tag="BT_0562	585131	585907	776
exo	585909	586532	623
tag="BT_0564	586611	586814	203
tRNA-BT0006	586915	586990	75
serC	587390	588547	1157
purA	588929	590218	1289
tag="BT_0568	590455	591876	1421
rpoH1	592071	592955	884
rluD	593105	594109	1004
aldA	594141	595571	1430
ftsK1	596034	598610	2576
tag="BT_0574	600138	601826	1688
mscL	601845	602255	410
pyrD	603523	604605	1082
tRNA-BT0007	604758	604834	76
tag="BT_0577	605381	605707	326
tag="BT_0578	605796	606707	911
tag="BT_0579	606809	607720	911
tag="BT_0580	608009	608842	833
tag="BT_0581	608835	609722	887
tag="BT_0582	609725	610639	914
tag="BT_0583	611094	611495	401
tag="BT_0584	611485	612000	515
tag="BT_0588	614270	615490	1220
tag="BT_0590	616128	616907	779
tag="BT_0594	618621	619748	1127
norM	620381	621724	1343
tag="BT_0596	621972	622673	701
tag="BT_0597	623134	624561	1427
ordL	624573	625856	1283
zwf	625977	627452	1475
pgl	627470	628222	752
edd	628260	630101	1841
folD	630168	631067	899
tag="BT_0603	631385	633265	1880
tag="BT_0604	633587	633730	143
tag="BT_0605	633872	634705	833
gshA	634774	636147	1373
ydjN	638070	639425	1355
tag="BT_0609	639433	640311	878
comF	640510	641295	785
grxC	641344	641598	254
ubiG	641619	642362	743
lysC	642540	643805	1265
tag="BT_0614	644363	645022	659
nhaA	645598	646959	1361
tag="BT_0616	647108	648814	1706
tag="BT_0617	649169	650941	1772
tag="BT_0618	651512	652183	671
engA	652188	653612	1424
atpI	655443	655877	434
atpB	655858	656643	785
atpE	656698	656928	230
atpF1	657058	657624	566
atpF2	657636	658130	494
glyS	659649	661871	2222
glyQ	661871	662812	941
tag="BT_0628	662910	664604	1694
ispB	664700	665716	1016
tag="BT_0631	665954	666742	788
sohB	666928	667776	848
ipk	668030	668929	899
rnhB	669170	669844	674
tag="BT_0635	669841	670803	962
tag="BT_0636	670806	672215	1409
tag="BT_0637	672359	672886	527
purD	673820	675094	1274
ubiA	675185	676189	1004
pdxH	676729	677352	623
dnaJ2	677686	678588	902
fabI2	678719	679537	818
aroC	679683	680771	1088
ribA	680787	681890	1103
xseB	681898	682152	254
dxs	682398	684305	1907
tlyA	684322	685065	743
tag="BT_0651	685062	686315	1253
tldD	686879	688294	1415
tag="BT_0653	688405	688995	590
cyoE	689373	690308	935
lytB	690492	691547	1055
thrB	691547	692506	959
rnhA	692512	692979	467
tag="BT_0658	693008	693886	878
tag="BT_0659	693958	694542	584
int	694577	694843	266
tag="BT_0661	694901	697786	2885
tag="BT_0662	698197	699471	1274
thrC	699555	700952	1397
tag="BT_0664	701420	701782	362
tag="BT_0665	701998	702360	362
tag="BT_0666	702541	702897	356
tag="BT_0667	704972	705667	695
ccrM	705991	707127	1136
mutY	707900	708955	1055
tag="BT_0670	709164	709664	500
tag="BT_0671	709748	710404	656
ppdK	710584	713250	2666
tag="BT_0675	714998	715840	842
tag="BT_0678	716941	717315	374
tag="BT_0679	717405	717815	410
rosAR	717926	718363	437
ptrB	719213	721306	2093
sodB	721388	721990	602
int	722442	722738	296
tRNA-BT0008	723322	723396	74
hlyC	723642	724091	449
hlyD	724097	725422	1325
hlyB	725412	727079	1667
tag="BT_0689	727334	727621	287
tag="BT_0691	728664	728933	269
tag="BT_0693	731593	732378	785
tag="BT_0694	733392	733931	539
tag="BT_0695	733924	734541	617
pbp	734538	736688	2150
tag="BT_0697	737029	737265	236
feuP	737287	737955	668
feuQ	737952	739370	1418
cycH	739671	740411	740
cycJ	740748	741227	479
cycK	741214	743214	2000
cycL	743216	743620	404
htrA1	743852	745363	1511
tag="BT_0705	745444	746130	686
tag="BT_0706	746127	747509	1382
glnE	747608	750532	2924
hbpD	751304	752143	839
int	752476	752613	137
tag="BT_0711	753576	754466	890
tag="BT_0712	755364	757460	2096
tag="BT_0713	757457	760255	2798
tag="BT_0714	760252	761088	836
tag="BT_0715	761165	762196	1031
pcnB	762436	763689	1253
tag="BT_0717	764385	764861	476
fbcF	765438	765986	548
fbcB	765991	767247	1256
fbcC	767241	768134	893
tag="BT_0721	768245	768685	440
engD	768843	769946	1103
tag="BT_0723	770200	770940	740
pth	771344	771925	581
rplY	771992	772621	629
tag="BT_0727	772908	774407	1499
prsA	774404	775336	932
tag="BT_0731	776126	776908	782
tag="BT_0732	777007	778086	1079
lgt	778061	778939	878
tag="BT_0734	779206	779478	272
tag="BT_0735	779839	780339	500
envZ	780386	781726	1340
ompR	781735	782439	704
tag="BT_0738	782576	783226	650
tag="BT_0739	783288	784010	722
uvrB	785457	787592	2135
tag="BT_0744	787885	788184	299
greA	788519	788992	473
lpcC	789007	790065	1058
trkH	791256	792650	1394
trxB	792964	793920	956
tag="BT_0749	793963	794868	905
int	795074	795181	107
int	795728	795832	104
aatA	797691	798893	1202
cspA	799216	799425	209
carB	799682	803167	3485
tag="BT_0757	803876	804409	533
tag="BT_0758	804406	806727	2321
pepN	807017	809656	2639
tag="BT_0760	809716	810555	839
thiD1	810906	811685	779
thiE1	811655	812260	605
thiG	812260	813030	770
thiS	813036	813233	197
thiO	813237	814187	950
thiC	814184	816004	1820
tag="BT_0768	817372	818346	974
hmuV	818956	819789	833
hmuU	819786	820865	1079
hmuT	820883	821788	905
hmuS	821802	822845	1043
hutA	823110	825287	2177
tonB	825529	826308	779
slt	827319	829406	2087
tag="BT_0777	829657	830541	884
smpB	830560	831036	476
tag="BT_0779	831061	831744	683
rpoZ	832290	832688	398
spoT	832827	835049	2222
pyrE	835066	835644	578
tag="BT_0783	835721	836329	608
acpS	836350	836751	401
lepB	836832	837644	812
rnc	837625	838332	707
era	838319	839230	911
recO	839241	839987	746
panC	840016	840876	860
panB	840873	841688	815
tag="BT_0793	842283	842900	617
tag="BT_0794	842893	843765	872
pyrC1	843831	845159	1328
int	845428	845655	227
tag="BT_0799	845976	846347	371
cysS	846827	848338	1511
tag="BT_0801	848379	849053	674
tag="BT_0802	849162	851045	1883
psd	851163	851861	698
pssA	851871	852710	839
tag="BT_0805	852782	853534	752
purF	853534	855027	1493
cvpA	855103	855684	581
radA	855827	857203	1376
dnaB	857210	858700	1490
rplI	859301	859897	596
tag="BT_0812	859923	860903	980
rpsR	861056	861304	248
rpsF	861304	861711	407
tag="BT_0815	862059	862661	602
fabD	862724	863668	944
fabG	863688	864425	737
acpP	864687	864923	236
fabF1	865026	866288	1262
tag="BT_0820	866455	867486	1031
gmk	867788	868453	665
ksgA	868485	869315	830
pdxA	869306	870319	1013
surA	870319	871287	968
ostA	871372	873741	2369
tag="BT_0826	873742	874833	1091
tag="BT_0827	874830	876020	1190
tag="BT_0828	876430	876876	446
tag="BT_0830	877044	877307	263
yhjE	877304	878593	1289
tag="BT_0832	879164	884674	5510
tag="BT_0833	885070	887592	2522
tag="BT_0834	888426	890990	2564
ndk	891385	891807	422
pgsA	892120	892701	581
uvrC	892774	894759	1985
tag="BT_0839	895455	896318	863
tatA	897433	897744	311
tatB	897800	898240	440
tatC	898237	899019	782
serS	899096	900373	1277
tag="BT_0845	900507	901166	659
tag="BT_0846	901334	902503	1169
yajC	903431	903892	461
tag="BT_0848	904343	904729	386
crtB	905831	906691	860
tag="BT_0851	907801	909687	1886
tpiA	909842	910606	764
secG	910690	911142	452
pyrG	911271	912899	1628
kdsA	912941	913777	836
eno	913849	915117	1268
tag="BT_0857	915232	915639	407
tag="BT_0858	916029	916481	452
tag="BT_0859	916848	917291	443
tag="BT_0860	917477	917788	311
pdhA	917924	918964	1040
pdhB	918981	920345	1364
pdhC	920360	921697	1337
lpdA1	921914	923374	1460
lipA	923444	924406	962
tag="BT_0867	924409	924870	461
cinA	925627	926115	488
tag="BT_0870	926112	927308	1196
tag="BT_0871	927332	927766	434
tag="BT_0872	927932	930199	2267
tag="BT_0873	930201	931559	1358
trkA	931564	932940	1376
tag="BT_0875	932951	933760	809
clpP	933908	934540	632
clpX	934725	935999	1274
lon	936184	938610	2426
tag="BT_0879	938842	939120	278
tag="BT_0880	940119	941543	1424
tRNA-BT0009	941712	941794	82
tig	941929	943356	1427
gatB	943482	944981	1499
tag="BT_0883	945162	945560	398
tag="BT_0884	945646	946062	416
tag="BT_0885	947287	948018	731
tag="BT_0886	948015	948845	830
tRNA-BT0010	949051	949134	83
tRNA-BT0011	949166	949239	73
tufB	949421	950596	1175
tRNA-BT0012	950644	950719	75
secE	950953	951165	212
nusG	951186	951716	530
rplK	951866	952294	428
rplA	952299	953003	704
rplJ	953361	953879	518
rplL	953981	954352	371
rpoB	954639	958790	4151
rpoC	958961	963172	4211
tag="BT_0898	963757	963975	218
pnbA	964331	965020	689
sdaA	965359	966750	1391
tag="BT_0905	968630	968908	278
dacD	968941	970290	1349
clpS	970524	970895	371
clpA	970902	973253	2351
tag="BT_0909	973279	973701	422
tag="BT_0910	973835	974296	461
tag="BT_0911	974439	975275	836
rpsB	975354	976244	890
tsf	976348	977271	923
pyrH	977428	978147	719
rrf	978185	978745	560
cdsA	979472	980287	815
tag="BT_0917	980321	981451	1130
tag="BT_0918	981656	984052	2396
lpxD	984121	985167	1046
fabZ	985169	985636	467
lpxA	985661	986473	812
cdsA	986488	987360	872
lpxB	987353	988549	1196
tag="BT_0924	988570	989343	773
tag="BT_0925	989424	990131	707
tag="BT_0926	990128	990850	722
tag="BT_0927	990928	991680	752
tag="BT_0928	992109	992861	752
gltA	993704	994999	1295
gltX1	995264	996694	1430
tag="BT_0932	996809	999118	2309
rpiA	999415	1000119	704
tag="BT_0934	1000217	1000774	557
gor	1000980	1002371	1391
dhs	1002443	1003822	1379
nadE	1003950	1005611	1661
gltX2	1005622	1006995	1373
rhlE1	1007056	1008459	1403
tag="BT_0940	1008603	1009376	773
tRNA-BT0013	1009656	1009732	76
yjiJ	1010156	1011334	1178
tag="BT_0942	1011999	1012325	326
tag="BT_0943	1012482	1012967	485
tag="BT_0944	1012964	1013218	254
tag="BT_0945	1013209	1014039	830
tag="BT_0946	1014735	1015922	1187
tag="BT_0947	1016048	1016542	494
tag="BT_0948	1016657	1016824	167
tag="BT_0949	1017185	1017457	272
tag="BT_0950	1017564	1017797	233
vapD	1017870	1018151	281
vap	1018167	1018454	287
tag="BT_0953	1018499	1018777	278
tag="BT_0954	1018774	1019487	713
tag="BT_0955	1020083	1020661	578
tag="BT_0956	1020665	1020985	320
tag="BT_0958	1021459	1021854	395
tag="BT_0959	1021851	1022051	200
tag="BT_0960	1022116	1022652	536
ssb	1022663	1023124	461
tag="BT_0963	1023611	1024039	428
tag="BT_0964	1024088	1024636	548
tag="BT_0965	1024850	1025227	377
tag="BT_0966	1025389	1025808	419
tag="BT_0967	1025801	1026904	1103
tag="BT_0968	1026894	1027241	347
tag="BT_0969	1027234	1027710	476
tag="BT_0970	1027838	1028626	788
tag="BT_0970a	1028705	1029157	452
tag="BT_0970b	1029170	1029529	359
tag="BT_0971	1029586	1030230	644
tag="BT_0972	1030470	1030844	374
fragment 1	1030908	1031045	137
fragment 2	1031085	1031264	179
fragment 1	1031276	1031437	161
fragment 2	1031537	1032007	470
tag="BT_0977	1032020	1032337	317
tag="BT_0978	1032349	1032918	569
tag="BT_0979	1032977	1033813	836
exo	1033815	1034438	623
tag="BT_0981	1034517	1034720	203
int	1034914	1035951	1037
tag="BT_0983	1035960	1036178	218
exo	1036300	1036923	623
tag="BT_0985	1036925	1037740	815
tag="BT_0986	1037817	1038347	530
tag="BT_0987	1038351	1038818	467
tag="BT_0988	1038833	1039579	746
tag="BT_0989	1039628	1040047	419
tag="BT_0990	1040766	1041032	266
tag="BT_0991	1041043	1041930	887
tag="BT_0993	1042204	1042680	476
tag="BT_0994	1042667	1043044	377
tag="BT_0995	1043034	1044122	1088
tag="BT_0996	1044127	1044534	407
tag="BT_0997	1044728	1045117	389
tag="BT_0998	1045411	1045926	515
tag="BT_0999	1046007	1046666	659
ssb	1047448	1047729	281
tag="BT_1002	1049204	1049983	779
tag="BT_1003	1050089	1050667	578
tag="BT_1004	1050749	1051522	773
tag="BT_1005	1051604	1052335	731
tag="BT_1006	1053950	1058908	4958
tag="BT_1008	1059440	1059841	401
tag="BT_1009	1060295	1060717	422
tag="BT_1010	1060812	1061117	305
tag="BT_1011	1061568	1061717	149
tag="BT_1012	1061815	1062015	200
int	1062224	1063390	1166
tag="BT_1015	1063814	1064338	524
tag="BT_1016	1064340	1065074	734
tag="BT_1017	1066931	1067710	779
tag="BT_1018	1067824	1068402	578
tag="BT_1019	1068485	1069147	662
tag="BT_1020	1069228	1069863	635
tag="BT_1021	1071505	1076493	4988
tag="BT_1023	1077038	1078525	1487
tag="BT_1027	1078953	1079153	200
int	1079362	1080528	1166
tag="BT_1029	1080671	1080949	278
tag="BT_1030	1080930	1082258	1328
tag="BT_1031	1082243	1084204	1961
tag="BT_1032	1085697	1086476	779
tag="BT_1033	1086593	1087171	578
tag="BT_1034	1087254	1087895	641
tag="BT_1035	1089619	1094562	4943
hec2	1095601	1097388	1787
fhaB	1097413	1105458	8045
tag="BT_1038	1105479	1105895	416
tag="BT_1039	1105903	1106463	560
fhaB	1106588	1108120	1532
tag="BT_1041	1108117	1108521	404
tag="BT_1042	1108737	1108937	200
int	1109148	1110314	1166
tag="BT_1045	1110612	1111313	701
int	1111470	1112636	1166
tag="BT_1047	1112845	1113045	200
tag="BT_1051	1113473	1114960	1487
tag="BT_1053	1115629	1120602	4973
tag="BT_1054	1122188	1122847	659
tag="BT_1055	1122930	1123703	773
tag="BT_1056	1123785	1124363	578
tag="BT_1057	1124469	1125047	578
tag="BT_1059	1126833	1127126	293
tag="BT_1060	1127209	1128096	887
tag="BT_1061	1129687	1130466	779
tag="BT_1062	1130580	1131158	578
tag="BT_1063	1131240	1131899	659
tag="BT_1064	1133485	1138458	4973
tag="BT_1066	1139127	1140077	950
tag="BT_1067	1140276	1140548	272
tag="BT_1068	1140545	1140835	290
tag="BT_1069	1141539	1141739	200
tag="BT_1071	1141940	1141978	38
int	1142050	1142277	227
int	1142253	1143104	851
tag="BT_1074	1143315	1143938	623
tag="BT_1075	1144449	1144667	218
tag="BT_1076	1144672	1144944	272
tag="BT_1077	1145821	1146108	287
tag="BT_1078	1146120	1147052	932
tag="BT_1080	1148601	1153532	4931
tag="BT_1082	1154064	1155551	1487
tag="BT_1086	1155979	1156179	200
int	1156388	1157554	1166
tag="BT_1088	1157723	1158007	284
tag="BT_1089	1158027	1158407	380
tag="BT_1090	1158419	1158799	380
tag="BT_1091	1158832	1159116	284
tag="BT_1092	1159097	1159408	311
tag="BT_1093	1159482	1160189	707
tag="BT_1094	1160191	1161648	1457
tag="BT_1095	1161648	1162073	425
tag="BT_1096	1162075	1162998	923
tag="BT_1097	1163038	1164474	1436
tag="BT_1098	1164471	1166696	2225
tag="BT_1099	1166714	1167394	680
tag="BT_1100	1169045	1169824	779
tag="BT_1101	1169929	1170507	578
tag="BT_1102	1170589	1171362	773
tag="BT_1103	1171445	1172215	770
tag="BT_1105	1173598	1178559	4961
tag="BT_1107	1179092	1179493	401
tag="BT_1108	1179947	1180369	422
tag="BT_1109	1180464	1180769	305
tag="BT_1111	1181479	1181679	200
int	1181889	1183055	1166
tag="BT_1113	1183252	1184253	1001
tag="BT_1114	1184262	1184378	116
tag="BT_1115	1184375	1185274	899
tag="BT_1116	1185282	1186412	1130
tag="BT_1118	1186665	1189898	3233
tag="BT_1119	1189961	1190623	662
tag="BT_1120	1190620	1190847	227
tag="BT_1121	1190964	1191191	227
tag="BT_1122	1191315	1191683	368
tRNA-BT0014	1191784	1191859	75
accC	1192062	1193420	1358
accB	1193435	1193932	497
tag="BT_1125	1194186	1195058	872
glpD	1195395	1196924	1529
yjbN	1197598	1198581	983
cobT1	1198971	1199978	1007
tag="BT_1129	1200007	1200498	491
tag="BT_1130	1200520	1201149	629
tag="BT_1131	1201178	1201738	560
rpmG	1202082	1202249	167
tag="BT_1133	1202351	1203520	1169
vacB	1203855	1206125	2270
topA	1206129	1208705	2576
dprA	1209108	1210322	1214
tag="BT_1137	1210297	1210929	632
pyrC2	1210941	1212242	1301
pyrB	1212239	1213204	965
aidB	1213329	1214948	1619
tag="BT_1141	1214943	1215413	470
gatC	1215561	1215869	308
gatA	1215901	1217385	1484
livF	1217478	1218188	710
livG	1218175	1218957	782
livM	1218954	1220012	1058
livH	1220012	1221082	1070
livJ	1221198	1222331	1133
cspE	1222648	1223223	575
tag="BT_1150	1223465	1223791	326
tag="BT_1151	1223974	1224747	773
tag="BT_1152	1225306	1225569	263
radC	1225613	1226425	812
map	1226425	1227255	830
sfsA	1227248	1227964	716
tag="BT_1156	1228219	1229049	830
murI	1229049	1229876	827
rpsD	1230049	1230666	617
tag="BT_1159	1230927	1231793	866
tag="BT_1161	1232340	1233653	1313
lexA	1234122	1234835	713
tRNA-BT0015	1235938	1236013	75
rlpA	1236552	1237448	896
dacD	1238413	1239576	1163
tmk	1239606	1240250	644
dnaC	1240247	1241290	1043
metS	1241367	1242926	1559
tag="BT_1168	1242916	1243689	773
tag="BT_1169	1243700	1244509	809
tag="BT_1170	1244622	1244981	359
tag="BT_1171	1245386	1245799	413
tag="BT_1172	1245796	1246842	1046
tag="BT_1173	1246867	1247649	782
ubiH1	1247865	1249091	1226
tag="BT_1175	1250116	1250460	344
tag="BT_1176	1250453	1250794	341
sodC	1251232	1251759	527
tag="BT_1178	1252372	1253310	938
tag="BT_1179	1253751	1256501	2750
tag="BT_1180	1256525	1258165	1640
paaD	1258223	1258624	401
sufS	1258617	1259861	1244
sufD	1259872	1261137	1265
sufC	1261149	1261904	755
sufB	1262065	1263576	1511
tag="BT_1186	1263747	1264892	1145
tag="BT_1187	1265054	1265734	680
tyrS	1266022	1267275	1253
bcp	1267488	1267973	485
prfB	1268330	1269295	965
mrcA	1269627	1272092	2465
amiB	1272262	1273437	1175
rne	1274087	1276702	2615
tag="BT_1194	1276772	1277383	611
tag="BT_1196	1279750	1280619	869
mfd	1280870	1284370	3500
tag="BT_1198	1284376	1284663	287
lolD	1284730	1285410	680
lolC	1285410	1286678	1268
proS	1286690	1288015	1325
tag="BT_1202	1288217	1289893	1676
birA	1289940	1290749	809
nuoN	1290749	1292203	1454
nuoM	1292221	1293690	1469
nuoL	1293687	1295654	1967
nuoK	1295661	1295969	308
nuoJ	1295984	1296604	620
nuoI	1296701	1297192	491
nuoH	1297207	1298253	1046
nuoG	1298276	1300345	2069
nuoF	1300411	1301718	1307
nuoE	1301820	1302491	671
nuoD	1302491	1303681	1190
nuoC	1303802	1304413	611
nuoB	1304428	1305009	581
nuoA	1305000	1305365	365
tRNA-BT0016	1305662	1305738	76
tRNA-BT0017	1305918	1305993	75
tRNA-BT0018	1307069	1307158	89
tag="BT_1218	1307410	1308231	821
tag="BT_1219	1308374	1309357	983
tag="BT_1220	1309357	1309611	254
tag="BT_1221	1309608	1310078	470
tag="BT_1222	1310235	1312571	2336
tag="BT_1223	1312581	1312664	83
tag="BT_1224	1312703	1313116	413
gpFII	1313126	1313644	518
gpFI	1313641	1314930	1289
tag="BT_1227	1315076	1315288	212
tag="BT_1228	1315298	1316614	1316
tag="BT_1229	1316629	1319772	3143
gp27	1319774	1320880	1106
gp26	1320880	1321746	866
gp25	1321733	1322119	386
tag="BT_1233	1322123	1322323	200
gp24	1322336	1322929	593
tag="BT_1235	1322926	1323438	512
tag="BT_1236	1323444	1323938	494
tag="BT_1237	1323940	1324365	425
tag="BT_1238	1324381	1325346	965
tag="BT_1239	1325359	1325700	341
tag="BT_1240	1325697	1326746	1049
tag="BT_1241	1327358	1328563	1205
gp29	1328556	1330133	1577
gp28	1330146	1331768	1622
gp27	1331761	1332342	581
tag="BT_1245	1332305	1332661	356
tag="BT_1246	1332658	1332972	314
tag="BT_1247	1333172	1333513	341
tag="BT_1248	1333506	1333793	287
tag="BT_1249	1333790	1334371	581
tag="BT_1250	1334458	1334865	407
tag="BT_1251	1334872	1335489	617
tag="BT_1252	1335500	1336123	623
tag="BT_1253	1336138	1336389	251
tag="BT_1254	1336386	1336655	269
muB	1336652	1337683	1031
muA	1338041	1340011	1970
tag="BT_1257	1340008	1340466	458
parB	1340463	1341479	1016
tag="BT_1259	1341479	1341877	398
tag="BT_1260	1342075	1342527	452
tag="BT_1261	1342521	1343051	530
tag="BT_1263	1343213	1343401	188
tag="BT_1264	1343711	1344532	821
tag="BT_1265	1344675	1345658	983
tag="BT_1266	1345658	1345912	254
tag="BT_1267	1345909	1346379	470
tag="BT_1268	1346536	1348872	2336
tag="BT_1269	1348882	1348965	83
tag="BT_1270	1349004	1349417	413
gpFII	1349427	1349945	518
gpFI	1349942	1351231	1289
tag="BT_1273	1351377	1351589	212
tag="BT_1274	1351599	1352915	1316
tag="BT_1275	1352930	1356073	3143
gp27	1356075	1357181	1106
gp26	1357181	1358047	866
gp25	1358034	1358420	386
tag="BT_1279	1358424	1358624	200
gp24	1358637	1359230	593
tag="BT_1281	1359272	1359739	467
tag="BT_1282	1359745	1360239	494
tag="BT_1283	1360241	1360666	425
tag="BT_1284	1360682	1361647	965
tag="BT_1285	1361660	1362001	341
tag="BT_1286	1361998	1363047	1049
tag="BT_1288	1363766	1364671	905
tag="BT_1290	1364821	1365006	185
tag="BT_1291	1365180	1365341	161
tag="BT_1292	1365447	1366025	578
tag="BT_1293	1366090	1368426	2336
tag="BT_1294	1368607	1371171	2564
tag="BT_1295	1371175	1372533	1358
tag="BT_1296	1372774	1373343	569
tag="BT_1297	1373393	1380970	7577
tag="BT_1299	1381061	1382824	1763
tag="BT_1301	1383445	1383795	350
tRNA-BT0019	1385017	1385101	84
folE	1385241	1385861	620
tag="BT_1304	1385987	1386448	461
tag="BT_1305	1386415	1386765	350
thrS	1386878	1388854	1976
tag="BT_1307	1389972	1390475	503
ihfA	1390655	1390978	323
fabH	1391056	1392030	974
plsX	1392080	1393150	1070
tag="BT_1311	1393306	1393863	557
tag="BT_1312	1394079	1394567	488
nusB	1394639	1395109	470
ribH	1395112	1395567	455
ribE	1395649	1396266	617
ribD	1396248	1397375	1127
tag="BT_1317	1397368	1397850	482
glyA	1397864	1399177	1313
argC	1399518	1400450	932
cox15	1400470	1401546	1076
exoP	1401691	1403517	1826
hflX	1403667	1405004	1337
hfq	1405058	1405297	239
tag="BT_1324	1405971	1410530	4559
maeB2	1411551	1413869	2318
acpP2	1414059	1414343	284
tag="BT_1327	1414354	1415529	1175
fabF2	1415545	1416819	1274
adh	1416887	1417915	1028
tag="BT_1330	1417919	1418851	932
mazG	1418885	1419700	815
tag="BT_1332	1419748	1420113	365
tRNA-BT0020	1420725	1420801	76
ibpA2	1421049	1421516	467
tag="BT_1334	1421800	1422717	917
tag="BT_1335	1423509	1423871	362
tRNA-BT0021	1423970	1424044	74
tRNA-BT0022	1425965	1426041	76
tag="BT_1338	1426088	1426393	305
tRNA-BT0023	1426483	1426559	76
tag="BT_1339	1427285	1427974	689
perM	1427971	1429182	1211
purM	1429341	1430432	1091
purN	1430429	1431040	611
tag="BT_1343	1431316	1433862	2546
tag="BT_1344	1434075	1434551	476
dksA	1434603	1435019	416
nmoB	1435337	1435879	542
rpe	1436016	1436702	686
purB	1436699	1438015	1316
tag="BT_1349	1438074	1438622	548
purC	1438795	1439559	764
purS	1439656	1439895	239
purQ	1439907	1440578	671
purL	1440873	1443083	2210
tag="BT_1354	1443144	1443377	233
grlA	1443475	1443807	332
tag="BT_1356	1443879	1445135	1256
parC	1445688	1447937	2249
aspS	1448984	1450777	1793
rnd2	1450910	1452064	1154
tag="BT_1360	1452547	1454064	1517
ppk	1454071	1456251	2180
tag="BT_1362	1456576	1456824	248
tag="BT_1363	1456871	1458118	1247
dnaE	1458296	1461763	3467
recG	1462156	1464264	2108
glmS	1464666	1466489	1823
glmU	1466662	1468026	1364
ccdA	1468041	1468826	785
tag="BT_1369	1468876	1469859	983
tag="BT_1370	1469900	1470223	323
dgt	1470350	1471552	1202
argS	1471583	1473340	1757
tag="BT_1373	1473491	1476019	2528
tag="BT_1375	1476214	1476501	287
ilvE	1476788	1477897	1109
glpX	1478007	1478993	986
hom	1479130	1480446	1316
tRNA-BT0024	1481765	1481839	74
icdA	1482626	1483840	1214
tag="BT_1382	1483959	1484840	881
tag="BT_1383	1484787	1485608	821
tag="BT_1384	1485751	1486743	992
tag="BT_1385	1486734	1486988	254
tag="BT_1386	1486985	1487455	470
tag="BT_1387	1487612	1489948	2336
tag="BT_1388	1489958	1490041	83
tag="BT_1389	1490080	1490493	413
gpFII	1490503	1491021	518
gpFI	1491018	1492307	1289
tag="BT_1392	1492453	1492665	212
tag="BT_1393	1492675	1493991	1316
tag="BT_1394	1494006	1497149	3143
gp27	1497151	1498257	1106
gp26	1498257	1499123	866
gp25	1499110	1499496	386
tag="BT_1398	1499500	1499700	200
gp24	1499713	1500306	593
tag="BT_1400	1500303	1500815	512
tag="BT_1401	1500821	1501315	494
tag="BT_1402	1501317	1501742	425
tag="BT_1403	1501758	1502723	965
tag="BT_1404	1502736	1503077	341
tag="BT_1405	1503074	1504123	1049
tag="BT_1406	1504735	1505940	1205
gp29	1505933	1507510	1577
gp28	1507523	1509145	1622
gp27	1509138	1509719	581
tag="BT_1410	1509682	1510038	356
tag="BT_1411	1510035	1510349	314
tag="BT_1412	1510549	1510890	341
tag="BT_1413	1510883	1511170	287
tag="BT_1414	1511167	1511748	581
tag="BT_1415	1511835	1512242	407
tag="BT_1416	1512249	1512866	617
tag="BT_1417	1512877	1513500	623
tag="BT_1418	1513515	1513763	248
tag="BT_1419	1513763	1514032	269
muB	1514029	1515060	1031
muA	1515418	1517388	1970
tag="BT_1422	1517385	1517843	458
parB	1517840	1518913	1073
tag="BT_1424	1518856	1519254	398
tag="BT_1425	1519452	1519883	431
tag="BT_1426	1519898	1520428	530
tag="BT_1428	1520590	1520778	188
tag="BT_1429	1520895	1521641	746
tag="BT_1430	1521686	1522885	1199
tgt	1524077	1525195	1118
int	1526343	1526531	188
int	1526590	1526718	128
ppiB2	1527181	1527693	512
ppiB1	1527712	1528314	602
coaD	1528317	1528823	506
gyrA	1528848	1531598	2750
ssb	1531872	1532378	506
uvrA	1532711	1535626	2915
glnB	1536688	1537026	338
glnA	1537084	1538493	1409
tag="BT_1444	1538658	1539203	545
tag="BT_1445	1539214	1539996	782
tag="BT_1446	1540995	1541303	308
tag="BT_1447	1541290	1542495	1205
tag="BT_1448	1542597	1543439	842
tag="BT_1449	1543436	1544701	1265
tag="BT_1450	1545563	1548316	2753
tag="BT_1453	1549622	1550071	449
tag="BT_1455	1550218	1550619	401
tag="BT_1457	1550986	1551450	464
fhaB	1551390	1552148	758
tag="BT_1459	1552161	1552565	404
fhaB	1552562	1553329	767
tag="BT_1461	1553342	1553746	404
fhaB	1553743	1556802	3059
tag="BT_1464	1557694	1559070	1376
tag="BT_1464a	1559521	1559883	362
hutH	1560157	1561695	1538
tag="BT_1467	1563136	1563468	332
lemA	1564254	1564880	626
tag="BT_1470	1564880	1565731	851
lipB	1565874	1566611	737
tag="BT_1473	1566694	1568760	2066
recJ	1568786	1570570	1784
rplM	1570859	1571323	464
rpsI	1571326	1571811	485
divK	1572137	1572502	365
tag="BT_1478	1573045	1573404	359
tag="BT_1479	1574394	1574756	362
tag="BT_1482	1577224	1577535	311
tag="BT_1484	1578411	1579199	788
tag="BT_1485	1579183	1579917	734
tag="BT_1486	1579982	1581001	1019
rluC	1581769	1582752	983
tag="BT_1488	1582987	1584774	1787
alaS	1585482	1588148	2666
recA	1588357	1589400	1043
tag="BT_1491	1590390	1591757	1367
htrA2	1591717	1593111	1394
rplQ	1593383	1593811	428
rpoA	1593836	1594849	1013
rpsK	1594944	1595333	389
rpsM	1595450	1595818	368
adk	1595999	1596577	578
secY	1596574	1597920	1346
rplO	1598076	1598543	467
rpmD	1598564	1598770	206
rpsE	1598802	1599350	548
rplR	1599463	1599825	362
rplF	1599838	1600371	533
rpsH	1600411	1600809	398
rpsN	1600824	1601129	305
rplE	1601154	1601711	557
rplX	1601704	1602018	314
rplN	1602031	1602399	368
rpsQ	1602543	1602782	239
rpmC	1602794	1602994	200
rplP	1603007	1603420	413
rpsC	1603457	1604167	710
rplV	1604167	1604556	389
rpsS	1604559	1604837	278
rplB	1604853	1605686	833
rplW	1605708	1606001	293
rplD	1605998	1606618	620
rplC	1606621	1607358	737
rpsJ	1607386	1607694	308
tufA	1607756	1608931	1175
fusA	1608997	1611081	2084
rpsG	1611106	1611576	470
rpsL	1611595	1611966	371
xthA1	1612463	1613245	782
gltI	1613369	1614274	905
gltJ	1614416	1615168	752
gltK	1615171	1615887	716
gltL	1615899	1616645	746
exoR	1616750	1617541	791
valS	1618929	1621661	2732
tag="BT_1531	1621797	1622357	560
tolC	1622602	1623903	1301
tag="BT_1533	1623961	1624635	674
tRNA-BT0025	1624845	1624918	73
tRNA-BT0026	1625105	1625179	74
rhlE2	1626618	1628021	1403
tag="BT_1535	1628275	1628805	530
ilvA	1628841	1630118	1277
tRNA-BT0027	1630267	1630352	85
hbpE	1630678	1631607	929
tag="BT_1538	1632219	1632491	272
tag="BT_1539	1632485	1634860	2375
tag="BT_1539a	1635036	1635413	377
secD	1635518	1638031	2513
tag="BT_1541	1638132	1639874	1742
tag="BT_1542	1639899	1640852	953
tRNA-BT0028	1641445	1641520	75
tag="BT_1543	1641956	1643524	1568
tag="BT_1545	1644872	1645480	608
cycA1	1646845	1648245	1400
cycA2	1649109	1650500	1391
ilvC	1650625	1651644	1019
pdxJ	1652592	1653326	734
tag="BT_1552	1653411	1654532	1121
tag="BT_1554	1655571	1656497	926
tag="BT_1555	1656714	1656893	179
tag="BT_1556	1656996	1657175	179
tag="BT_1557	1657103	1657534	431
ilvB	1659608	1661410	1802
miaA	1661659	1662531	872
htrA3	1663520	1665046	1526
hflC	1665198	1666133	935
hflK	1666136	1667287	1151
folA	1667408	1667917	509
thyA	1667914	1668708	794
kgtP1	1668929	1670236	1307
kgtP2	1671696	1673003	1307
kgtP3	1673542	1674849	1307
tag="BT_1572	1674917	1675222	305
tag="BT_1573	1675860	1676405	545
tag="BT_1574	1676414	1676596	182
tag="BT_1575	1676607	1676858	251
uvrD	1676942	1679305	2363
cat	1679362	1679991	629
tag="BT_1578	1680133	1680714	581
prmA	1680745	1681614	869
tag="BT_1580	1681632	1683458	1826
ligA	1685244	1687403	2159
recN	1687537	1689198	1661
comL	1689205	1690098	893
lpxC	1690260	1691144	884
ftsZ	1691355	1693127	1772
ftsA	1693191	1694489	1298
ftsQ	1694489	1695400	911
ddlB	1695388	1696308	920
murB	1696548	1697531	983
murC	1697503	1698930	1427
murG	1698914	1700050	1136
ftsW	1700047	1701195	1148
murD	1701341	1702735	1394
mraY	1702740	1703810	1070
murF	1703835	1705253	1418
murE	1705250	1706701	1451
ftsI	1706725	1708467	1742
tag="BT_1598	1708464	1708871	407
mraW	1708868	1709866	998
tag="BT_1600	1710606	1711115	509
tag="BT_1601	1712506	1712886	380
arsR	1713882	1714820	938
chvD	1715462	1717111	1649
tag="BT_1606	1717274	1717810	536
pncA	1717857	1718465	608
tag="BT_1608	1718840	1719889	1049
tag="BT_1609	1720255	1720794	539
tag="BT_1610	1721181	1721360	179
tag="BT_1611	1722127	1722438	311
tag="BT_1612	1722989	1723369	380
tag="BT_1614	1723759	1724073	314
tRNA-BT0029	1725624	1725700	76
omp28	1725869	1726612	743
ycgN	1726642	1727103	461
tag="BT_1618	1727548	1727748	200
int (fragment 2)	1727978	1728199	221
int (fragment 1)	1728701	1729078	377
rpoD	1729494	1731509	2015
dnaG	1731902	1733839	1937
tag="BT_1623	1733976	1735193	1217
tag="BT_1624	1735262	1736938	1676
tag="BT_1626	1738200	1738451	251
ubiC	1739650	1740174	524
tag="BT_1629	1740854	1741306	452
carA	1741565	1742761	1196
tet (fragment 3)	1743760	1744413	653
tet (fragment 2)	1744483	1744779	296
tet (fragment 1)	1744783	1744989	206
tag="BT_1634	1745566	1746405	839
tag="BT_1635	1747125	1748042	917
tag="BT_1636	1748815	1749630	815
trmU	1749885	1751108	1223
tag="BT_1639	1751503	1751778	275
tag="BT_1640	1751933	1752319	386
ctrA	1752884	1753585	701
tag="BT_1642	1753806	1754444	638
tag="BT_1643	1754660	1755256	596
fragment1	1755241	1755669	428
fragment2	1755659	1755925	266
tag="BT_1646	1756230	1757348	1118
tag="BT_1647	1757398	1758354	956
tRNA-BT0030	1758516	1758592	76
dnaB (fragment2)	1758795	1759274	479
dnaB (fragment1)	1759319	1760299	980
tag="BT_1650	1760278	1761285	1007
tag="BT_1651	1761276	1761530	254
tag="BT_1652	1761527	1762012	485
tag="BT_1653	1762173	1763918	1745
tag="BT_1654	1763986	1764192	206
ibaA	1764672	1769153	4481
ibaB	1771355	1773832	2477
ibaC	1774486	1776909	2423
ibaD	1777056	1778714	1658
ibaE	1778846	1782157	3311
dicA (fragment)	1783218	1783337	119
int (fragment)	1785248	1785442	194
int (fragment)	1786251	1786523	272
tag="BT_1672	1786794	1787198	404
tag="BT_1680	1792421	1792648	227
parA	1792648	1793274	626
tag="BT_1683	1794585	1794914	329
ribF	1795506	1796489	983
tag="BT_1686	1796522	1797367	845
dicA	1798604	1798963	359
tag="BT_1688	1799101	1799772	671
virB2	1800215	1800535	320
virB3	1800536	1800844	308
virB4	1800867	1803221	2354
virB5	1803218	1803703	485
virB6	1803690	1804667	977
virB7	1804879	1805193	314
virB8	1805183	1805851	668
virB9	1805848	1806714	866
virB10	1806707	1807879	1172
virB11	1807876	1808946	1070
tag="BT_1699	1809009	1809224	215
bepA	1809235	1810869	1634
virD4	1811015	1812931	1916
bepC	1814544	1816142	1598
bepD	1816452	1818026	1574
bepE	1818370	1819188	818
bepH	1819541	1820833	1292
bepF	1821138	1823105	1967
bepI	1823441	1825813	2372
mviN	1826661	1828232	1571
trpS	1828294	1829364	1070
uspA	1829428	1829919	491
tag="BT_1716	1829981	1830559	578
phnA	1831810	1832145	335
pgm	1832928	1834580	1652
tag="BT_1726	1834774	1835298	524
tag="BT_1727	1835875	1836405	530
hisS	1837013	1838539	1526
dicA	1839876	1840166	290
pyrF	1841245	1842090	845
tag="BT_1735	1842595	1843671	1076
mod1	1844452	1846284	1832
res1	1846296	1849271	2975
tRNA-BT0031	1850938	1851014	76
rRNA-BT0001	1851126	1851244	118
rRNA-BT0002	1851305	1853929	2624
tRNA-BT0032	1854456	1854531	75
tRNA-BT0033	1854853	1854929	76
rRNA-BT0003	1855401	1856894	1493
tag="BT_1745	1857684	1858076	392
vceA	1858232	1859326	1094
vceB	1859351	1860922	1571
tag="BT_1748	1863805	1864389	584
ldc	1864467	1865600	1133
tag="BT_1751	1867923	1868852	929
eda	1868956	1869639	683
fpr (fragment)	1869663	1869860	197
fpr	1870012	1870839	827
alr	1871937	1873052	1115
int	1873767	1873892	125
gcvP	1874730	1877534	2804
gcvH	1877531	1877899	368
gcvT	1877906	1879018	1112
tag="BT_1764	1879699	1880361	662
tag="BT_1765	1880375	1880581	206
dicA	1881534	1881923	389
asd	1882421	1883452	1031
tag="BT_1769	1884004	1884684	680
metQ	1885145	1885963	818
metN	1885991	1887025	1034
metI	1887018	1887677	659
tag="BT_1774	1888144	1888350	206
tag="BT_1775	1888642	1888812	170
tag="BT_1776	1888781	1888993	212
tag="BT_1777	1889412	1889891	479
tag="BT_1778	1890059	1891387	1328
tag="BT_1779	1891668	1891832	164
tag="BT_1780	1892825	1893181	356
tag="BT_1782	1896060	1896803	743
tag="BT_1783	1896825	1897856	1031
tag="BT_1784	1897874	1898845	971
tag="BT_1785	1900299	1903679	3380
tag="BT_1786	1903847	1907152	3305
tag="BT_1787	1907325	1909985	2660
tag="BT_1788	1910180	1913554	3374
tag="BT_1793	1914499	1917183	2684
tag="BT_1795	1918359	1921547	3188
tag="BT_1796	1922216	1928791	6575
fatB	1929075	1930025	950
fatD	1930125	1931081	956
fatC	1931074	1932024	950
ceuD	1932021	1932779	758
tRNA-BT0034	1932867	1932940	73
tag="BT_1801	1933107	1933928	821
tag="BT_1802	1934071	1935063	992
tag="BT_1803	1935054	1935308	254
tag="BT_1804	1935305	1935775	470
tag="BT_1805	1935932	1938268	2336
tag="BT_1806	1938278	1938361	83
tag="BT_1807	1938400	1938813	413
gpFII	1938823	1939341	518
gpFI	1939338	1940627	1289
tag="BT_1810	1940773	1940985	212
tag="BT_1811	1940995	1942311	1316
tag="BT_1812	1942326	1945469	3143
gp27	1945471	1946577	1106
gp26	1946577	1947443	866
gp25	1947430	1947816	386
tag="BT_1816	1947820	1948020	200
gp24	1948033	1948626	593
tag="BT_1818	1948623	1949135	512
tag="BT_1819	1949141	1949635	494
tag="BT_1820	1949637	1950062	425
tag="BT_1821	1950078	1951043	965
tag="BT_1822	1951056	1951397	341
tag="BT_1823	1951394	1952443	1049
tag="BT_1824	1953055	1954260	1205
gp29	1954253	1955830	1577
gp28	1955843	1957465	1622
gp27	1957458	1958039	581
tag="BT_1828	1958002	1958358	356
tag="BT_1829	1958355	1958669	314
tag="BT_1830	1958870	1959211	341
tag="BT_1831	1959204	1959491	287
tag="BT_1832	1959488	1960069	581
tag="BT_1833	1960156	1960563	407
tag="BT_1834	1960570	1961187	617
tag="BT_1835	1961210	1961833	623
tag="BT_1836	1961826	1962098	272
tag="BT_1837	1962095	1962364	269
muB	1962361	1963392	1031
muA	1963750	1965729	1979
tag="BT_1840	1965726	1966184	458
parB	1966181	1967098	917
tag="BT_1842	1967041	1967439	398
tag="BT_1843	1967634	1967939	305
tag="BT_1844	1968069	1968620	551
tag="BT_1845	1969110	1969931	821
tag="BT_1846	1970074	1971066	992
tag="BT_1847	1971057	1971311	254
tag="BT_1848	1971308	1971793	485
tag="BT_1849	1971954	1972955	1001
tag="BT_1850	1973207	1976725	3518
dppF	1977191	1977973	782
oppD	1977960	1978844	884
dppC2	1978837	1979766	929
dppB2	1979769	1980842	1073
dppA2	1980955	1982571	1616
tag="BT_1857	1982935	1984554	1619
tag	1986233	1986823	590
xseA	1986837	1988267	1430
tag="BT_1860	1988538	1990163	1625
tag="BT_1864	1991089	1992720	1631
xseA (fragment)	1993031	1993276	245
tag="BT_1866	1993628	1995259	1631
tag="BT_1869	1996151	1997779	1628
tag="BT_1872a	1998893	1999174	281
tag="BT_1873	1999199	2000008	809
tag="BT_1874	2000011	2000937	926
tag="BT_1875	2001116	2001898	782
etfB	2002543	2003289	746
etfA	2003345	2004271	926
etfD	2004440	2006101	1661
tag="BT_1881	2006394	2007284	890
tag="BT_1882	2007277	2007669	392
tag="BT_1883	2007773	2008018	245
proC	2008074	2008865	791
tag="BT_1885	2009163	2009294	131
mrp	2009720	2010781	1061
rpmH	2011367	2011501	134
rnpA	2011618	2012010	392
yidC	2012000	2013862	1862
cgpA	2013859	2014503	644
gst	2014643	2015335	692
dapB	2016456	2017268	812
gpmA	2017292	2017912	620
tRNA-BT0035	2018302	2018386	84
tag="BT_1897	2020253	2020843	590
mccC	2022498	2023715	1217
tRNA-BT0036	2025329	2025419	90
omp43	2025735	2026949	1214
tag="BT_1904	2028778	2029584	806
tag="BT_1908	2030883	2031650	767
tag="BT_1909	2031884	2033080	1196
tag="BT_1911	2034115	2035203	1088
tag="BT_1912	2035715	2035864	149
tag="BT_1913	2035930	2037120	1190
tag="BT_1914	2037117	2038310	1193
tag="BT_1915	2038500	2039171	671
fragment1	2039185	2039805	620
fragment2	2039757	2040437	680
tag="BT_1918	2040551	2041171	620
tag="BT_1921	2042731	2043885	1154
tag="BT_1925	2045991	2047160	1169
tag="BT_1926	2047872	2048477	605
tag="BT_1928	2049031	2050392	1361
mod2	2050816	2052681	1865
res2	2052693	2055668	2975
tRNA-BT0037	2057335	2057411	76
rRNA-BT0004	2057523	2057641	118
rRNA-BT0005	2057702	2060281	2579
tRNA-BT0038	2060853	2060928	75
tRNA-BT0039	2061250	2061326	76
rRNA-BT0006	2061798	2063291	1493
tag="BT_1936	2064114	2066102	1988
(fragment)	2067210	2067329	119
tag="BT_1943	2068092	2068199	107
tag="BT_1944	2068528	2069985	1457
sigH	2070177	2070731	554
tag="BT_1946	2070739	2070942	203
tag="BT_1947	2071109	2071903	794
tag="BT_1948	2071926	2072939	1013
tag="BT_1952	2073755	2075140	1385
tag="BT_1952a	2075229	2075594	365
tag="BT_1953	2075629	2076084	455
tag="BT_1955	2077520	2078263	743
tag="BT_1957	2079985	2080428	443
tag="BT_1962	2083797	2084249	452
tag="BT_1963	2084315	2084728	413
tag="BT_1965	2085860	2086864	1004
tag="BT_1966	2086861	2088000	1139
tag="BT_1967	2087997	2088467	470
tag="BT_1969	2088817	2090280	1463
tag="BT_1971	2091116	2091811	695
tag="BT_1973	2091893	2093011	1118
tag="BT_1979	2093816	2094589	773
tag="BT_1982	2095036	2096898	1862
tag="BT_1983	2096883	2098244	1361
tag="BT_1985	2099248	2099571	323
tag="BT_1991	2101763	2102110	347
dicA	2103481	2103873	392
clpB	2107461	2110121	2660
dicA	2113312	2113719	407
dicA (fragment)	2114600	2114719	119
tag="BT_2015	2115018	2115428	410
dicA	2116746	2116904	158
tag="BT_2024	2117249	2117647	398
tag="BT_2025	2117644	2117895	251
dicA	2118668	2119057	389
tag="BT_2029	2119293	2120537	1244
tag="BT_2032	2121637	2121792	155
tag="BT_2033	2122147	2122428	281
tag="BT_2034	2122500	2123231	731
infA	2123462	2123680	218
tag="BT_2039	2125054	2125311	257
dsbB	2129661	2130242	581
tag="BT_2049	2130253	2130405	152
purE	2131219	2131716	497
purK	2131718	2132995	1277
rpmJ	2136792	2136917	125
tag="BT_2060	2137061	2137870	809
tag="BT_2061	2138032	2138169	137
tag="BT_2062	2138269	2138415	146
tag="BT_2063	2138829	2140040	1211
dicA	2140846	2141235	389
dicA	2141730	2142122	392
dicA	2142395	2142784	389
tag="BT_2073	2144437	2145036	599
tag="BT_2076	2145230	2145835	605
tag="BT_2077	2145854	2146675	821
tag="BT_2080	2147132	2147491	359
tag="BT_2082	2148143	2150530	2387
tag="BT_2085	2150974	2151153	179
dicA	2151909	2152337	428
dicA	2152885	2153292	407
dicA	2153569	2153949	380
dicA	2154161	2154601	440
murA (fragment)	2155184	2155294	110
dicA	2155674	2156012	338
murA	2156515	2157810	1295
tag="BT_2097	2157978	2158130	152
tRNA-BT0040	2158311	2158385	74
exo	2164217	2165008	791
tag="BT_2121a	2167219	2167407	188
tag="BT_2122	2167410	2167799	389
tag="BT_2123	2168113	2168430	317
tag="BT_2126	2168831	2169898	1067
tag="BT_2129	2171501	2174911	3410
tag="BT_2130	2174917	2175555	638
tag="BT_2134	2175720	2176043	323
tag="BT_2147	2178450	2179028	578
tag="BT_2150a	2184106	2184417	311
tag="BT_2150b	2184549	2184872	323
tag="BT_2154	2186367	2187518	1151
tag="BT_2170	2192470	2192985	515
tag="BT_2185	2199105	2199281	176
tag="BT_2186	2199297	2199644	347
tag="BT_2189	2200351	2201484	1133
tag="BT_2204	2206483	2207043	560
tag="BT_2212	2209615	2210403	788
yopP1	2213700	2214635	935
yopP2	2215000	2215944	944
yopP3	2216275	2217219	944
tag="BT_2229	2218241	2218903	662
tag="BT_2230	2218900	2219136	236
tag="BT_2231	2219253	2219477	224
tag="BT_2240	2222526	2223338	812
tag="BT_2241	2223316	2225115	1799
int	2225176	2225565	389
groEL	2225978	2227621	1643
groES	2227682	2227978	296
fumC	2228209	2229597	1388
fumC (fragment)	2229693	2229890	197
fumC (fragment)	2230152	2230349	197
fumC (fragment)	2230814	2231374	560
hbpY	2232769	2233659	890
tag="BT_2262	2236907	2238826	1919
tag="BT_2263	2238843	2239070	227
tag="BT_2264	2239187	2239414	227
tag="BT_2265	2239411	2240073	662
tag="BT_2266	2240137	2240466	329
tag="BT_2267	2240480	2244523	4043
tag="BT_2268	2244545	2244778	233
tag="BT_2269	2244788	2245918	1130
tag="BT_2270	2245926	2246939	1013
tag="BT_2271	2246948	2247949	1001
tag="BT_2272	2247962	2248615	653
tag="BT_2273	2248653	2250842	2189
tag="BT_2274	2250856	2252151	1295
tag="BT_2275	2252186	2253037	851
tag="BT_2276	2253039	2253464	425
tag="BT_2277	2253464	2254921	1457
tag="BT_2278	2254923	2255630	707
tag="BT_2279	2255696	2256004	308
tag="BT_2280	2255985	2256269	284
tag="BT_2281	2256305	2256685	380
tag="BT_2282	2256696	2257076	380
tag="BT_2283	2257099	2258226	1127
tag="BT_2284	2258320	2259207	887
tag="BT_2285	2259221	2261239	2018
tag="BT_2286	2261224	2262552	1328
tag="BT_2287	2262533	2262865	332
tag="BT_2288	2263569	2264090	521
ssb	2264106	2264564	458
tag="BT_2290	2265321	2266076	755
tag="BT_2291	2266141	2266440	299
tag="BT_2292	2266733	2267131	398
tag="BT_2293	2267317	2267778	461
tag="BT_2294	2267738	2268829	1091
tag="BT_2295	2268819	2269190	371
tag="BT_2296	2269187	2269654	467
tag="BT_2297	2269730	2270440	710
tag="BT_2298	2270593	2270931	338
tag="BT_2298a	2271021	2271302	281
tag="BT_2299	2271423	2271752	329
tag="BT_2300	2272015	2272434	419
tag="BT_2301	2272483	2273229	746
tag="BT_2302	2273242	2273712	470
tag="BT_2303	2273852	2274673	821
exo	2274675	2275298	623
tag="BT_2305	2275380	2275655	275
int	2275660	2276832	1172
tRNA-BT0041	2276994	2277078	84
tag="BT_2307	2277274	2277879	605
tag="BT_2308	2277892	2278461	569
int	2279177	2279329	152
tag="BT_2310	2279636	2280187	551
tag="BT_2315	2282300	2282962	662
tag="BT_2318	2284091	2284909	818
dut	2285309	2285845	536
dut (fragment1)	2286099	2286224	125
dut (fragment2)	2286221	2286523	302
int	2287415	2287600	185
exbD	2288086	2288691	605
exbB	2288688	2289563	875
tag="BT_2328	2290590	2290928	338
tag="BT_2329	2290932	2291375	443
tag="BT_2331	2291950	2292504	554
vbh2	2292828	2293178	350
vbh3	2293182	2293520	338
vbh4 (fragment 1)	2293520	2295355	1835
vbh4 (fragment 2)	2295355	2295879	524
vbh5	2295876	2296604	728
tag="BT_2338	2296897	2297313	416
vbh6	2297316	2297720	404
vbh6	2297747	2298682	935
vbh7	2298689	2298976	287
vbh8	2298973	2299644	671
vbh9	2299647	2300498	851
vbh10	2300545	2301732	1187
vbh11	2301793	2302848	1055
tag="BT_2346	2302997	2303401	404
tag="BT_2347	2303685	2304089	404
tag="BT_2348	2304375	2304755	380
vbh6 (fragment)	2304802	2304993	191
tag="BT_2350	2305056	2305649	593
tag="BT_2351	2305636	2305824	188
vap	2306021	2306269	248
tag="BT_2354	2306635	2306952	317
mrsA	2307063	2308424	1361
ftsH	2308995	2311163	2168
tilS	2311278	2312765	1487
tag="BT_2360	2312784	2314772	1988
pal	2314826	2315344	518
tag="BT_2362	2315546	2316241	695
tag="BT_2363	2316615	2317361	746
int	2318013	2318162	149
int	2318191	2318337	146
int	2318304	2318582	278
tolB	2318970	2320295	1325
tolA	2320339	2321835	1496
tolR	2321934	2322386	452
tolQ	2322401	2323114	713
tag="BT_2374	2324255	2324695	440
ruvB	2324909	2326000	1091
ruvA	2326014	2326628	614
ruvC	2326642	2327175	533
tag="BT_2384	2330282	2330800	518
opgC	2330984	2332126	1142
thiE2	2332485	2333147	662
tag="BT_2388	2333408	2334199	791
dicA	2335165	2335530	365
dicA	2336219	2336689	470
dicA	2337052	2337300	248
dicA (fragment)	2337275	2337415	140
tag="BT_2394	2337752	2337955	203
tag="BT_2395	2338605	2339648	1043
dicA	2340551	2340916	365
dicA	2341373	2341759	386
dicA	2341940	2342413	473
dicA	2342799	2343164	365
tag="BT_2401	2343437	2343700	263
efp	2343823	2344398	575
suhB	2344410	2345201	791
suhB (fragment)	2345289	2345630	341
suhB (fragment)	2345587	2345820	233
tag="BT_2406	2346135	2347409	1274
int	2348046	2348513	467
tag="BT_2410	2348510	2348662	152
tag="BT_2411	2349102	2350892	1790
rpmE	2351102	2351323	221
fbaB (fragment)	2353047	2353226	179
fbaB (fragment)	2353248	2353583	335
fbaB	2353774	2354805	1031
pgk	2354921	2356114	1193
gapA	2356699	2357706	1007
tktA	2357904	2359910	2006
tag="BT_2423	2360244	2360519	275
tag="BT_2424	2360532	2360915	383
pykA (fragment)	2362472	2362747	275
pykA (fragment)	2362819	2363094	275
pykA (fragment)	2363166	2363441	275
pykA	2363513	2364949	1436
tag="BT_2431	2364946	2365473	527
tag="BT_2432	2365690	2365950	260
rimJ (fragment 2)	2366504	2366737	233
rimJ (fragment 1)	2366710	2367069	359
tag="BT_2435	2368064	2369926	1862
tag="BT_2436	2369926	2370312	386
tag="BT_2437	2370416	2371051	635
tag="BT_2438	2371197	2372795	1598
rpoH2	2373208	2374119	911
tag="BT_2442	2374713	2376305	1592
fdxA	2376327	2376668	341
tag="BT_2444	2376974	2377558	584
rpmF3	2380004	2380225	221
rpmF2	2380201	2380560	359
rpmF1	2380590	2380769	179
ispA	2381195	2382100	905
tag="BT_2453	2383265	2383864	599
tag="BT_2456	2384644	2385810	1166
gcpE	2386672	2387913	1241
tag="BT_2460	2388829	2389131	302
tag="BT_2461	2389751	2390758	1007
tag="BT_2462	2390783	2392414	1631
atpC	2392438	2392854	416
atpD	2392981	2394606	1625
atpG	2394626	2395552	926
atpA	2395573	2397108	1535
atpH	2397108	2397692	584
tag="BT_2470	2398998	2399276	278
tag="BT_2471	2399802	2399993	191
tag="BT_2472	2400547	2400696	149
priA	2400865	2403072	2207
tag="BT_2474	2403186	2403335	149
talC	2404415	2405068	653
tag="BT_2477	2405079	2405672	593
leuS	2405659	2408319	2660
tag="BT_2479	2408504	2409211	707
tag="BT_2481	2410635	2410901	266
acs	2411779	2413722	1943
ftsE	2414455	2415114	659
ftsX	2415107	2416060	953
tag="BT_2487	2416065	2416730	665
tag="BT_2491	2418068	2423026	4958
tag="BT_2493	2424677	2426659	1982
tag="BT_2494	2426663	2427886	1223
tag="BT_2495	2427883	2429361	1478
xthA2	2429423	2430238	815
tag="BT_2497	2430272	2430880	608
int	2432684	2433310	626
ftsK2	2434072	2436516	2444
ubiH2	2437302	2438579	1277
korB	2440422	2440709	287
tag="BT_2508	2440839	2441450	611
trwN	2441450	2442091	641
korA	2442212	2442511	299
trwL1	2442474	2442791	317
trwL2	2442932	2443252	320
trwL3	2443390	2443707	317
trwL4	2443848	2444168	320
trwL5	2444290	2444604	314
trwL6	2444742	2445062	320
trwL7	2445194	2445505	311
trwM	2445518	2445826	308
trwK	2445829	2448300	2471
trwJ1	2448297	2449046	749
trwI1	2449233	2450078	845
trwH1	2450239	2450460	221
trwJ2	2450457	2451389	932
trwI2	2451573	2452418	845
trwH2	2452658	2452801	143
trwJ3	2452798	2453529	731
trwI3	2453714	2454559	845
trwJ4	2454760	2455536	776
trwI4	2455757	2456602	845
trwH4	2456842	2456985	143
trwJ5	2456982	2457833	851
trwI5	2458017	2458862	845
trwH5	2459102	2459245	143
trwG	2459242	2459943	701
trwF	2459957	2460763	806
trwE	2460763	2461905	1142
trwD	2461880	2462941	1061
int (fragment 1)	2464162	2464473	311
int (fragment 2)	2464509	2465054	545
tag="BT_2538	2465264	2465464	200
tag="BT_2539	2466200	2466520	320
fhaB (fragment 2)	2466625	2466729	104
fhaB (fragment 1)	2466674	2467072	398
sdhB	2467755	2468534	779
sdhA	2468549	2470393	1844
sdhD	2470400	2470786	386
sdhC	2470805	2471206	401
rplS	2471684	2472124	440
trmD	2472336	2473034	698
rimM	2473336	2473881	545
tag="BT_2549	2474013	2474834	821
xerC	2474838	2475806	968
bolA	2476368	2476640	272
tag="BT_2553	2476765	2477385	620
cobS	2477591	2478571	980
cobT2	2478587	2480497	1910
tag="BT_2557	2481612	2482295	683
rpmB	2482443	2482760	317
surF	2483040	2483837	797
purH	2484984	2486603	1619
tag="BT_2564	2486953	2487105	152
int	2488593	2488790	197
tag="BT_2569	2489168	2490913	1745
sun2	2490978	2492342	1364
htpX	2492402	2493451	1049
tag="BT_2572	2493535	2493750	215
rpsP	2493899	2494273	374
tag="BT_2574	2494290	2494622	332
ffh	2494644	2496206	1562
cynT	2496458	2497114	656
tag="BT_2578	2497398	2502113	4715
tag="BT_2581	2504385	2505371	986
tag="BT_2582	2506308	2507054	746
tag="BT_2583	2507214	2508776	1562
tag="BT_2584	2508788	2509972	1184
gcp	2510349	2511443	1094
tag="BT_2586	2512122	2512550	428
mtrA	2513447	2514127	680
tag="BT_2589	2515405	2516175	770
tag="BT_2590	2516401	2518782	2381
lysA	2518929	2520203	1274
tag="BT_2592	2520213	2520395	182
argH	2520447	2521847	1400
tlpA	2521881	2522579	698
tag="BT_2595	2522581	2523096	515
rbn	2523093	2523944	851
tyrC	2525104	2526042	938
tag="BT_2598	2527003	2528043	1040
tag="BT_2599	2528048	2528842	794
tag="BT_2600	2528835	2529731	896
tag="BT_2601	2529794	2530771	977
tRNA-BT0042	2530958	2531032	74
tag="BT_2603	2531283	2532104	821
tag="BT_2604	2532247	2533239	992
tag="BT_2605	2533230	2533484	254
tag="BT_2606	2533481	2533951	470
tag="BT_2607	2534108	2536444	2336
tag="BT_2608	2536454	2536537	83
tag="BT_2609	2536576	2536989	413
gpFII	2536999	2537517	518
gpFI	2537514	2538803	1289
tag="BT_2612	2538949	2539161	212
tag="BT_2613	2539171	2540487	1316
tag="BT_2614	2540502	2543645	3143
gp27	2543647	2544753	1106
gp26	2544753	2545619	866
gp25	2545606	2545992	386
tag="BT_2618	2545996	2546196	200
gp24	2546209	2546802	593
tag="BT_2620	2546799	2547311	512
tag="BT_2621	2547317	2547811	494
tag="BT_2622	2547813	2548238	425
tag="BT_2623	2548254	2549219	965
tag="BT_2624	2549232	2549573	341
tag="BT_2625	2549570	2550619	1049
tag="BT_2626	2551231	2552436	1205
gp29	2552429	2554006	1577
gp28	2554019	2555641	1622
gp27	2555634	2556215	581
tag="BT_2630	2556178	2556534	356
tag="BT_2631	2556531	2556845	314
tag="BT_2632	2557046	2557387	341
tag="BT_2633	2557380	2557667	287
tag="BT_2634	2557664	2558245	581
tag="BT_2635	2558332	2558739	407
tag="BT_2636	2558746	2559363	617
tag="BT_2637	2559386	2560009	623
tag="BT_2638	2560002	2560274	272
tag="BT_2639	2560271	2560540	269
muB	2560537	2561568	1031
muA	2561926	2563905	1979
tag="BT_2642	2563902	2564360	458
parB	2564357	2565265	908
tag="BT_2644	2565265	2565663	398
tag="BT_2645	2565861	2566166	305
tag="BT_2646	2566320	2566850	530
tag="BT_2647	2568115	2568591	476
thiD2	2569088	2569942	854
plsC	2570072	2570878	806
int	2571845	2571958	113
dacD	2572503	2573594	1091
int	2574351	2574509	158
tag="BT_2654	2574558	2575628	1070
tag="BT_2657	2577193	2577942	749
accA	2577984	2578940	956
xerD	2579019	2579957	938
aroK	2580212	2580802	590
aroB	2580820	2581953	1133
tag="BT_2663	2582358	2582741	383
tag="BT_2664	2582759	2583151	392
phaG	2583175	2583585	410
phaF	2583582	2583863	281
phaE	2583863	2584345	482
phaD	2584342	2585964	1622
phaC	2585964	2586305	341
phaA	2586305	2589226	2921
tag="BT_2671	2589467	2589958	491
nspC	2590122	2591222	1100
tag="BT_2673	2591276	2592514	1238
lpdA2	2593763	2595169	1406
sucB	2595201	2596412	1211
sucA	2596445	2599444	2999
sucD	2599606	2600508	902
sucC	2600512	2601708	1196
mdh	2601800	2602762	962
tag="BT_2680	2603051	2604250	1199
omp19	2604349	2604894	545
dapF	2605122	2605973	851
tag="BT_2683	2605973	2607256	1283
ftsY	2607337	2608509	1172
ispZ	2608506	2609192	686
gloB	2609262	2610023	761
tag="BT_2687	2610191	2610508	317
tag="BT_2688	2611044	2611511	467
parB	2611536	2612432	896
parA	2612472	2613269	797
gidB	2613283	2613924	641
gidA	2613924	2615792	1868
trmE	2615900	2617207	1307
rho	2617239	2618504	1265
